200706171430
10
100
3000
800_4
200706171430
10
100
3000
800_4
200706171430
10
100
3000
800_4
200706171430
10
100
3000
800_4
200706171430
10
100
3000
800_4
200706171430
10
100
3000
800_4
200706171430
10
100
3000
800_4
200706171430
10
100
3000
800_4
200706171430
10
100
3000
800_4
200706171430
10
100
3000
800_4
20070617143012
10
100
3000
800_4
20070617143012
10
100
3000
800_4
20070617143012
10
100
3000
800_4
20070617143012
10
100
3000
800_4
20070617143012
10
100
3000
800_4
20070617143012
10
100
3000
800_4
20070617143012
10
100
3000
800_4
20070617143012
10
100
3000
800_4
20070617143012
10
100
3000
800_4
20070617143012
10
100
3000

20070617143012
10
100
3000

20140617143012
10
100
3000

